1
513
525
530
533
535
536
29
545
546
50
6197
1592
570
60
1601
579
69
582
1610
599
1624
90
603
1628
6234
6239
618
110
5743
111
626
1652
118
5752
135
1165
145
1682
1175
6296
153
5789
1693
6305
163
1196
176
6325
185
191
1226
5841
1233
724
1245
5855
6369
5861
5873
1268
5877
5878
5876
1287
5915
5922
291
1318
298
304
1330
310
1334
840
333
1381
6513
6514
6515
6517
6518
6519
6528
6529
6018
6531
388
900
6532
395
407
408
6042
1439
416
932
6052
6059
940
428
1463
957
451
453
6091
473
476
992
480
482
493
497
499
1014
503
505
1539
1027
6146
1538
6156
527
1041
1043
21
1050
1052
1568
1571
1059
6185
1066
1067
6188
554
1581
48
1074
564
1079
573
6209
6211
580
6212
1093
585
1097
1609
591
6224
83
1112
1626
6236
1630
1634
6247
616
106
5739
1645
1134
6256
622
6255
1139
6258
117
635
125
639
644
132
654
657
5778
1684
5783
5784
3739
5787
5790
159
160
162
1708
687
6321
1715
1204
6326
6327
1717
694
5812
6324
6330
190
192
1721
1218
6339
703
1734
1221
6340
5833
2762
1741
5844
6358
1239
5848
1241
1242
1243
6362
5853
6371
1252
1256
748
6383
1266
6387
244
6388
763
5888
6400
6405
263
264
265
1293
1302
6425
5914
281
6428
1309
5919
5920
801
6434
5924
804
297
299
1325
6446
814
820
1336
5944
5946
827
828
6462
6464
5952
6466
323
6468
838
6471
6472
6476
6478
6479
6480
5969
6481
5966
341
6482
6491
1372
1373
350
6496
5985
6498
354
356
1376
5986
357
363
364
875
6005
1402
375
6011
1405
895
1411
6025
394
6031
912
1427
406
1432
410
1435
1438
926
418
6051
422
1444
6063
437
951
1469
960
454
1484
979
467
2739
474
6114
1507
1509
486
6120
1515
1519
501
6133
1535
6144
6145
6147
6148
6151
6149
6152
6150
6155
6154
6160
6516
6162
6166
6163
6170
6171
6172
6169
6179
6180
6182
6177
6186
6183
6187
6190
6192
6189
6194
6195
6196
6198
6200
6201
6202
6203
6204
6207
6208
6210
6214
6216
6217
6215
6219
6221
6222
6223
6226
6229
6232
6233
6238
6240
6241
6243
6244
6246
100
104
6249
103
6251
6252
102
6257
115
6262
121
6266
123
6268
124
6271
129
130
6275
131
6277
6278
136
6281
137
6283
6280
141
140
6288
6291
6295
6298
6303
6304
164
6309
6310
167
6311
6313
6317
6319
6320
181
6328
184
6332
193
6338
6343
6344
6345
6348
205
206
6353
213
6355
6361
6370
227
6375
6377
6378
6379
6380
6382
6385
6392
6394
6396
253
6398
6399
6401
254
6404
261
260
6406
6407
6409
6411
267
269
6415
6416
270
6421
6422
6426
6427
6429
285
6430
289
290
6436
6435
294
6437
300
301
6444
6448
6449
307
6452
6453
312
6457
6456
6460
6461
314
6465
6463
322
6469
6473
6475
6477
6483
6485
342
6484
6489
346
6492
6494
351
6500
6502
6503
6504
6505
6506
360
6508
365
6510
6511
368
374
6521
6520
6524
6525
6526
391
412
413
419
420
442
447
455
459
5791
470
487
488
495
522
523
534
540
544
548
549
552
555
559
561
572
576
583
589
593
595
600
602
605
606
607
611
615
617
619
620
625
629
631
632
633
637
641
4740
646
649
651
653
656
659
660
661
662
663
665
667
671
672
676
677
678
679
680
683
685
2736
689
2738
691
692
2741
2742
695
2740
2745
2746
690
700
2749
702
2750
701
2751
706
2756
711
713
714
718
720
727
729
730
731
732
737
744
747
753
754
757
758
759
760
761
764
765
767
770
771
773
774
776
777
780
785
786
788
792
793
794
795
798
805
807
808
816
817
821
822
832
834
839
845
850
851
857
858
859
863
864
865
866
867
871
872
874
879
881
883
884
885
886
887
897
898
899
903
905
908
911
913
916
917
918
923
925
927
929
930
935
938
941
943
953
954
956
959
961
967
968
971
980
982
987
997
998
999
1001
1003
1005
1007
1015
1016
1020
1026
1029
1031
1034
1035
1038
1040
1046
1047
1054
1056
1057
1058
1060
1061
1064
1068
1069
1075
1076
1077
1078
1080
1081
1082
1087
1088
1090
1092
1094
1095
1096
1101
1107
1111
1113
1115
1117
1118
1120
1121
1124
1125
1128
1129
1133
1136
1137
1138
1140
1141
1143
1146
1148
1149
1152
1153
1155
1156
1157
1159
1160
1163
1164
1166
1167
1168
1174
1176
1177
1178
1180
1183
1184
1185
1187
1188
1189
1191
1193
1194
1201
1208
1212
1213
1215
1217
1220
1223
1225
1227
1228
1229
1230
1231
1232
1235
1236
1237
1246
1249
1250
1251
1257
1260
1261
1263
1265
1269
1270
1271
1272
1273
1274
1280
1281
1284
1285
1286
1288
1290
1291
1296
1297
1298
1300
1301
1303
1304
1307
1308
1310
1311
1313
1315
1324
1326
1328
1329
1341
1345
1347
1348
1351
1352
1353
1356
1358
1359
1360
1363
1364
1377
1379
1380
1383
1387
1388
1391
1392
1394
1396
1398
1400
1401
1404
1406
1408
1409
1410
1412
1413
1414
1416
1417
1418
1419
1420
1421
1422
1424
1425
1436
1440
1441
1447
1449
1450
1451
1456
1457
1460
1462
1464
1467
1470
1471
1472
1473
1474
1475
1478
1479
1480
1481
1482
1483
1485
1487
1491
1492
1495
1496
1498
1501
1506
1510
1514
1516
1522
1524
1533
1534
1536
1544
1545
1546
1548
1550
1551
1556
1557
1558
1560
1561
1564
1565
1569
1570
1574
1575
1576
1577
1580
1582
1585
1589
1591
1593
1595
1597
1604
1605
1608
1611
1612
1613
1615
1616
1617
1629
1632
1637
1638
1639
1641
1642
5738
1643
5740
5742
1648
1649
1650
1651
5748
5744
5750
5751
1654
5753
5754
5755
1656
1663
5760
1665
1664
1667
5763
1668
5766
5767
5768
5771
5772
1677
1678
5774
1680
5779
1686
1687
1689
1690
5788
3741
1695
5792
5793
1698
1699
5796
5794
3750
3749
1700
5801
1706
1707
5804
5803
5806
5807
1714
1716
5813
5814
1719
5816
5818
1723
1722
5819
5821
5820
5824
5825
5827
1733
5829
1735
5832
1736
5834
1739
1738
5838
5840
5842
5845
5846
5851
5854
5856
5858
5859
5866
5867
5868
5869
5871
5872
5874
5880
5883
5884
5887
5890
5891
5892
5895
5896
5897
5898
5901
5905
5906
5907
5910
5912
5916
5917
5923
5926
5932
5933
5934
5938
5940
5942
5943
5947
5951
5953
5959
5963
5965
5967
5970
5971
5972
5973
5974
5976
5977
5978
5979
5982
5984
5987
5989
5993
5994
5998
5999
6001
6002
6003
6004
6006
6008
6009
6013
6014
6015
6016
6017
6019
6022
6024
6027
6029
6030
6032
6033
6034
6037
6041
6044
6049
6050
6053
6054
6055
6056
6057
6058
6060
6061
6062
6064
6067
6071
6072
6075
6080
6082
6085
6086
6087
6089
6092
6093
6094
6095
6097
6099
6104
6107
6108
6111
6112
6113
6115
6507
6119
6123
6124
6125
6126
6128
6129
6130
6134
6135
6136
6139
6140
6142
6143
6157
6158
6176
6184
6199
6228
6205
6225
6213
6253
6259
109
6265
6269
127
6272
6276
6279
6282
6285
6286
6287
6289
6294
6301
6300
6306
6307
6316
6333
6334
6337
6341
6349
6350
6359
6366
6374
6381
6393
6408
6414
6417
6418
6419
6420
6441
6442
6445
6447
6451
6455
6488
6495
6509
367
6527
386
443
458
537
542
543
563
566
584
587
594
596
636
640
4738
4739
666
669
696
2757
2759
712
769
782
797
800
802
810
815
830
831
843
852
862
870
882
894
921
950
1006
1011
1022
1024
1025
1042
1073
1084
1086
1089
1105
1106
1110
1127
1130
1135
1150
1151
1161
1173
1182
1186
1195
1197
1216
1219
1222
1259
1262
1275
1276
1278
1282
1292
1294
1314
1316
1322
1332
1349
1354
1355
1367
1375
1384
1385
1386
1397
1423
1433
1437
1442
1445
1455
1459
1465
1489
1493
1494
1497
1500
1511
1517
1518
1520
1526
1528
1529
1530
1532
1542
1543
1553
1562
1572
1583
1586
1587
1588
1596
1598
1607
1614
1618
1620
1627
1631
5741
1655
1659
5759
5761
5762
1666
1670
1671
5773
5777
1685
3737
3738
1694
3742
1702
5799
5800
1703
1709
5808
5809
5810
5811
1713
1718
1720
1724
1726
5822
1728
1729
1737
5837
5843
5849
5857
5863
5870
5882
5885
5902
5903
5904
5908
5909
5911
5921
5936
5939
5949
5950
5958
5975
5990
5995
5996
6010
6036
6038
6043
6045
6065
6076
6081
6084
6088
6110
6132
6141
6153
6159
6161
6164
6165
6167
6168
6174
6173
6175
6181
6193
6191
6206
6220
6227
6230
6231
6235
6237
6242
6245
6248
6250
6254
116
6261
6263
6264
122
6267
6270
6273
6274
6284
6290
6292
6293
6297
6299
6302
6308
6312
6314
6315
6318
6322
6323
6329
6331
6335
6336
6342
6346
6347
6351
6352
6354
6356
6357
6360
6363
6364
6365
6367
6368
6372
6373
6376
6386
6384
6389
6390
6391
6395
6397
6402
6403
6410
6412
6413
6423
6424
6431
6433
6432
6438
6439
6440
6443
6450
6454
6458
6459
6467
6470
6474
6486
6487
6490
6493
6497
6499
6501
6512
6522
6523
6530
541
547
578
590
621
623
4741
647
658
673
674
675
681
688
2743
2744
697
2748
2747
704
705
2753
2755
2754
2758
710
2760
2752
725
775
781
823
826
835
836
847
860
889
928
931
937
945
948
955
962
964
983
988
991
1000
1002
1004
1009
1010
1028
1030
1032
1033
1036
1037
1039
1044
1045
1048
1049
1051
1053
1055
1062
1063
1065
1070
1071
1072
1083
1085
1091
1098
1099
1100
1102
1103
1104
1108
1109
1114
1116
1119
1122
1123
1126
1131
1132
1142
1144
1145
1147
1154
1158
1162
1172
1179
1181
1190
1192
1198
1199
1200
1202
1203
1205
1206
1207
1209
1210
1211
1214
1224
1234
1238
1240
1244
1247
1248
1253
1254
1255
1258
1264
1267
1277
1279
1283
1289
1295
1299
1305
1306
1312
1317
1319
1320
1321
1323
1327
1331
1333
1335
1337
1338
1339
1340
1342
1343
1344
1346
1350
1357
1361
1362
1365
1366
1368
1369
1370
1371
1374
1378
1382
1389
1390
1393
1395
1399
1403
1407
1415
1426
1428
1429
1430
1431
1434
1443
1446
1448
1452
1453
1454
1458
1461
1466
1468
1476
1477
1486
1488
1490
1499
1502
1503
1504
1505
1508
1512
1513
1521
1523
1525
1527
1531
1537
1540
1541
1547
1549
1552
1554
1555
1559
1563
1566
1567
1573
1578
1579
1584
1590
1594
1599
1600
1602
1603
1606
1619
1621
1622
1623
1625
1633
1635
1636
1640
1644
1646
1647
5745
5747
1653
5749
1658
1661
5758
5757
1669
5765
1672
5769
5770
1674
1676
1675
1673
1679
5776
1681
5775
1683
5780
5781
5782
3736
1688
1691
1692
3740
3743
1696
3745
3746
3747
3748
1697
5798
5797
1704
1705
5802
5795
5805
1710
1711
1712
5815
5817
1725
5823
1727
5826
1731
5828
1732
5830
5831
1730
5835
5836
1740
5839
5847
5850
5852
5860
5862
5864
5865
5875
5879
5881
5886
5889
5893
5894
5899
5900
5913
5918
5925
5928
5929
5930
5931
5935
5937
5941
5945
5948
5954
5955
5956
5957
5960
5961
5962
5964
5968
5980
5981
5983
5988
5992
5997
6000
6007
6012
6020
6021
6023
6026
6028
6035
6039
6040
6046
6047
6048
6066
6068
6069
6070
6074
6077
6078
6079
6083
6090
6096
6098
6100
6101
6102
6103
6105
6106
6109
6116
6117
6118
6121
6122
6127
6131
6137
6138
6534
6535
6533
